0	0	0.099700	0.000000	0.000000	0.000000
1	0	0.175885	0.033227	0.109412	0.076185
2	0	0.254357	0.033275	0.111747	0.154657
3	0	0.299983	0.033207	0.078833	0.200283
4	0	0.322351	0.033345	0.055713	0.222651
5	0	0.335371	0.033356	0.046376	0.235671
6	0	0.344174	0.033292	0.042095	0.244474
7	0	0.353294	0.033343	0.042463	0.253594
8	0	0.355543	0.033355	0.035604	0.255843
9	0	0.357778	0.033301	0.035536	0.258078
10	0	0.359637	0.033351	0.035210	0.259937
11	0	0.362245	0.033319	0.035927	0.262545
12	0	0.364887	0.033343	0.035985	0.265187
13	0	0.363792	0.033351	0.032256	0.264092
14	0	0.366104	0.033601	0.035913	0.266404
15	0	0.366275	0.033049	0.033220	0.266575
16	0	0.364717	0.033315	0.031757	0.265017
17	0	0.360699	0.033343	0.029325	0.260999
18	0	0.356067	0.033323	0.028691	0.256367
19	0	0.352382	0.033337	0.029652	0.252682
20	0	0.348392	0.033335	0.029345	0.248692
21	0	0.382719	0.033342	0.067669	0.283019
22	0	0.377730	0.033321	0.028332	0.278030
23	0	0.375974	0.033332	0.031576	0.276274
24	0	0.373684	0.033343	0.031053	0.273984
25	0	0.372005	0.033400	0.031721	0.272305
26	0	0.369680	0.033261	0.030936	0.269980
27	0	0.365703	0.033328	0.029351	0.266003
28	0	0.392784	0.033343	0.060424	0.293084
29	0	0.387063	0.033328	0.027607	0.287363
30	0	0.383900	0.033343	0.030180	0.284200
31	0	0.380063	0.033323	0.029486	0.280363
32	0	0.377380	0.033333	0.030650	0.277680
33	0	0.373663	0.033355	0.029638	0.273963
34	0	0.368892	0.033317	0.028546	0.269192
35	0	0.370396	0.033330	0.034834	0.270696
36	0	0.366624	0.033371	0.029599	0.266924
37	0	0.363379	0.033294	0.030049	0.263679
38	0	0.359803	0.033348	0.029772	0.260103
39	0	0.356292	0.033318	0.029807	0.256592
40	0	0.351251	0.033330	0.028289	0.251551
41	0	0.344709	0.033343	0.026801	0.245009
42	0	0.345763	0.033328	0.034382	0.246063
43	0	0.341827	0.033335	0.029399	0.242127
44	0	0.339965	0.033329	0.031467	0.240265
45	0	0.338975	0.033336	0.032346	0.239275
46	0	0.336218	0.033331	0.030574	0.236518
47	0	0.332548	0.033338	0.029668	0.232848
48	0	0.325670	0.033330	0.026452	0.225970
49	0	0.347212	0.033338	0.054880	0.247512
50	0	0.344424	0.033326	0.030538	0.244724
51	0	0.343423	0.033336	0.032335	0.243723
52	0	0.342631	0.033332	0.032540	0.242931
53	0	0.342102	0.033337	0.032808	0.242402
54	0	0.339570	0.033328	0.030796	0.239870
55	0	0.334347	0.033338	0.028115	0.234647
56	0	0.355746	0.033333	0.054732	0.256046
57	0	0.351375	0.033335	0.028964	0.251675
58	0	0.349920	0.033337	0.031882	0.250220
59	0	0.349398	0.033325	0.032803	0.249698
60	1	0.000000	0.033334	0.000000	0.216364
61	1	0.000000	0.033341	0.000000	0.183023
62	1	0.000000	0.033329	0.000000	0.149694
63	1	0.000000	0.033329	0.000000	0.116365
64	1	0.000000	0.033385	0.000000	0.082980
65	1	0.000000	0.033284	0.000000	0.049696
66	1	0.000000	0.033335	0.000000	0.016361
67	1	0.000000	0.033333	0.000000	-0.016972
68	1	0.000000	0.033332	0.000000	-0.050304
69	1	0.000000	0.033333	0.000000	-0.083637
70	1	0.000000	0.033338	0.000000	-0.116975
71	1	0.000000	0.033341	0.000000	-0.150316
72	0	0.006697	0.034678	0.000000	-0.093003
73	0	0.000003	0.031981	0.025287	-0.099697
74	0	0.000001	0.033330	0.033328	-0.099699
75	0	0.000002	0.033337	0.033338	-0.099698
76	0	0.000002	0.033330	0.033330	-0.099698
77	0	0.017855	0.033331	0.051184	-0.081845
78	0	0.013465	0.033347	0.028957	-0.086235
79	0	0.010809	0.033328	0.030672	-0.088891
80	0	0.007073	0.033326	0.029590	-0.092627
81	0	0.003143	0.033422	0.029492	-0.096557
82	0	0.000003	0.033327	0.030187	-0.099697
83	0	0.000002	0.033254	0.033253	-0.099698
84	0	0.018627	0.033334	0.051959	-0.081073
85	0	0.013463	0.033327	0.028163	-0.086237
86	0	0.010300	0.033335	0.030172	-0.089400
87	0	0.006422	0.033333	0.029455	-0.093278
88	0	0.002196	0.033336	0.029110	-0.097504
89	0	0.000015	0.034449	0.032268	-0.099685
90	0	0.000002	0.032217	0.032204	-0.099698
91	0	0.000971	0.033344	0.034313	-0.098729
92	0	0.000002	0.033324	0.032355	-0.099698
93	0	0.000002	0.033332	0.033332	-0.099698
94	0	0.000002	0.033360	0.033360	-0.099698
95	0	0.000002	0.033321	0.033321	-0.099698
96	0	0.000003	0.033330	0.033331	-0.099697
97	0	0.000003	0.033325	0.033325	-0.099697
98	0	0.015421	0.033329	0.048747	-0.084279
99	0	0.011053	0.033336	0.028968	-0.088647
100	0	0.007413	0.033340	0.029700	-0.092287
101	0	0.005295	0.033326	0.031208	-0.094405
102	0	0.004722	0.033333	0.032760	-0.094978
103	0	0.004074	0.033359	0.032711	-0.095626
104	0	0.002193	0.033339	0.031458	-0.097507
105	0	0.022430	0.033302	0.053539	-0.077270
106	0	0.018877	0.033344	0.029791	-0.080823
107	0	0.016251	0.033353	0.030727	-0.083449
108	0	0.013592	0.033313	0.030654	-0.086108
109	0	0.011223	0.033336	0.030967	-0.088477
110	0	0.009130	0.033340	0.031247	-0.090570
111	0	0.006752	0.033336	0.030958	-0.092948
112	0	0.026356	0.033309	0.052913	-0.073344
113	0	0.024242	0.033339	0.031225	-0.075458
114	0	0.022814	0.033329	0.031901	-0.076886
115	0	0.021023	0.033346	0.031555	-0.078677
116	0	0.018126	0.033321	0.030424	-0.081574
117	0	0.015684	0.033363	0.030921	-0.084016
118	0	0.011535	0.033312	0.029163	-0.088165
119	0	0.013743	0.033329	0.035537	-0.085957
120	0	0.011511	0.033332	0.031100	-0.088189
121	0	0.009491	0.033346	0.031326	-0.090209
122	0	0.006528	0.033340	0.030377	-0.093172
123	0	0.000002	0.041713	0.035187	-0.099698
124	0	0.000964	0.024953	0.025915	-0.098736
125	0	0.000002	0.033317	0.032355	-0.099698
126	0	0.001436	0.033333	0.034767	-0.098264
127	0	0.000002	0.033336	0.031902	-0.099698
128	0	0.000002	0.033328	0.033328	-0.099698
129	0	0.000002	0.033338	0.033338	-0.099698
130	0	0.000002	0.033349	0.033349	-0.099698
131	0	0.000002	0.033355	0.033355	-0.099698
132	0	0.000002	0.033303	0.033303	-0.099698
133	0	0.015750	0.033346	0.049094	-0.083950
134	0	0.010359	0.033327	0.027936	-0.089341
135	0	0.031649	0.033314	0.054604	-0.068051
136	0	0.026240	0.033345	0.027936	-0.073460
137	0	0.023657	0.033341	0.030758	-0.076043
138	0	0.022132	0.033313	0.031788	-0.077568
139	0	0.021961	0.033333	0.033162	-0.077739
140	0	0.019208	0.033336	0.030583	-0.080492
141	0	0.016236	0.033333	0.030361	-0.083464
142	0	0.038376	0.033334	0.055474	-0.061324
143	0	0.035733	0.033328	0.030685	-0.063967
144	0	0.034194	0.033336	0.031797	-0.065506
145	0	0.031369	0.033333	0.030508	-0.068331
146	0	0.029907	0.033337	0.031875	-0.069793
147	0	0.027353	0.033331	0.030777	-0.072347
148	0	0.023211	0.033335	0.029193	-0.076489
149	0	0.026596	0.033348	0.036733	-0.073104
150	0	0.021793	0.033324	0.028521	-0.077907
151	0	0.016841	0.033336	0.028384	-0.082859
152	0	0.011916	0.033343	0.028418	-0.087784
153	0	0.007406	0.033311	0.028801	-0.092294
154	0	0.002966	0.033340	0.028900	-0.096734
155	0	0.000002	0.033350	0.030386	-0.099698
156	0	0.000950	0.033319	0.034267	-0.098750
157	0	0.000002	0.033329	0.032381	-0.099698
158	0	0.000003	0.033335	0.033336	-0.099697
159	0	0.000002	0.033332	0.033331	-0.099698
160	0	0.000002	0.033363	0.033363	-0.099698
161	0	0.000002	0.033305	0.033305	-0.099698
162	0	0.000002	0.033335	0.033335	-0.099698
163	0	0.018548	0.033328	0.051874	-0.081152
164	0	0.012408	0.033337	0.027197	-0.087292
165	0	0.032897	0.033328	0.053817	-0.066803
166	0	0.028981	0.033333	0.029417	-0.070719
167	0	0.027090	0.033335	0.031444	-0.072610
168	0	0.025028	0.033354	0.031292	-0.074672
169	0	0.024064	0.033322	0.032358	-0.075636
170	0	0.022884	0.033351	0.032171	-0.076816
171	0	0.019989	0.033305	0.030410	-0.079711
172	0	0.039971	0.033336	0.053318	-0.059729
173	0	0.038861	0.033348	0.032238	-0.060839
174	0	0.038933	0.033329	0.033401	-0.060767
175	0	0.038134	0.033326	0.032527	-0.061566
176	0	0.036315	0.033352	0.031533	-0.063385
177	0	0.033203	0.033309	0.030197	-0.066497
178	0	0.027548	0.033336	0.027681	-0.072152
179	0	0.030126	0.033333	0.035911	-0.069574
180	0	0.025951	0.033330	0.029155	-0.073749
181	0	0.023025	0.033335	0.030409	-0.076675
182	0	0.020317	0.033334	0.030626	-0.079383
183	0	0.017553	0.033331	0.030567	-0.082147
184	0	0.015748	0.033335	0.031530	-0.083952
185	0	0.011902	0.033335	0.029489	-0.087798
186	0	0.016196	0.033332	0.037626	-0.083504
187	0	0.012348	0.033336	0.029488	-0.087352
188	0	0.008913	0.033333	0.029898	-0.090787
189	0	0.005794	0.033331	0.030212	-0.093906
190	0	0.002594	0.033357	0.030157	-0.097106
191	0	0.000002	0.033323	0.030731	-0.099698
192	0	0.000002	0.033330	0.033330	-0.099698
193	0	0.019234	0.033327	0.052559	-0.080466
194	0	0.014164	0.033332	0.028262	-0.085536
195	0	0.037899	0.033342	0.057077	-0.061801
196	0	0.034775	0.033325	0.030201	-0.064925
197	0	0.033298	0.033328	0.031851	-0.066402
198	0	0.040730	0.033346	0.040778	-0.058970
199	0	0.030953	0.033319	0.023542	-0.068747
200	0	0.029440	0.033382	0.031869	-0.070260
201	0	0.026544	0.033286	0.030390	-0.073156
202	0	0.047413	0.033337	0.054206	-0.052287
203	0	0.043897	0.033328	0.029812	-0.055803
204	0	0.042764	0.033356	0.032223	-0.056936
205	0	0.042304	0.033311	0.032851	-0.057396
206	0	0.040663	0.033366	0.031725	-0.059037
207	0	0.038778	0.033338	0.031453	-0.060922
208	0	0.033324	0.033303	0.027849	-0.066376
209	0	0.035695	0.033332	0.035703	-0.064005
210	0	0.031483	0.033642	0.029430	-0.068217
211	0	0.027441	0.033328	0.029286	-0.072259
212	0	0.024032	0.033029	0.029620	-0.075668
213	0	0.021702	0.033328	0.030998	-0.077998
214	0	0.018474	0.033354	0.030126	-0.081226
215	0	0.013557	0.033314	0.028397	-0.086143
216	0	0.016795	0.033350	0.036588	-0.082905
217	0	0.013092	0.033324	0.029621	-0.086608
218	0	0.011883	0.033348	0.032139	-0.087817
219	0	0.011025	0.033315	0.032457	-0.088675
220	0	0.010598	0.033352	0.032925	-0.089102
221	0	0.007967	0.033308	0.030677	-0.091733
222	0	0.004434	0.033350	0.029817	-0.095266
223	0	0.026188	0.033340	0.055094	-0.073512
224	0	0.022579	0.033317	0.029708	-0.077121
225	0	0.047336	0.033330	0.058087	-0.052364
226	0	0.046270	0.033337	0.032271	-0.053430
227	0	0.046788	0.033330	0.033848	-0.052912
228	0	0.045208	0.033333	0.031753	-0.054492
229	0	0.043812	0.033350	0.031954	-0.055888
230	0	0.042049	0.033316	0.031553	-0.057651
231	0	0.039526	0.033361	0.030838	-0.060174
232	0	0.062882	0.033319	0.056675	-0.036818
233	0	0.059941	0.033325	0.030384	-0.039759
234	0	0.057357	0.033326	0.030742	-0.042343
235	0	0.054613	0.033343	0.030599	-0.045087
236	0	0.052742	0.033323	0.031452	-0.046958
237	0	0.048297	0.033345	0.028900	-0.051403
238	0	0.042375	0.033328	0.027406	-0.057325
239	0	0.044590	0.033332	0.035547	-0.055110
240	0	0.041031	0.033335	0.029776	-0.058669
241	0	0.039370	0.033342	0.031681	-0.060330
242	0	0.036567	0.033322	0.030519	-0.063133
243	0	0.034852	0.033335	0.031620	-0.064848
244	0	0.033786	0.033338	0.032272	-0.065914
245	0	0.030539	0.033340	0.030093	-0.069161
246	0	0.033744	0.033319	0.036524	-0.065956
247	0	0.030042	0.033344	0.029642	-0.069658
248	0	0.028105	0.033325	0.031388	-0.071595
249	0	0.027637	0.033336	0.032868	-0.072063
250	0	0.027456	0.033333	0.033152	-0.072244
251	0	0.027290	0.033362	0.033196	-0.072410
252	0	0.024155	0.033302	0.030167	-0.075545
253	0	0.046539	0.033340	0.055724	-0.053161
254	0	0.041414	0.033329	0.028204	-0.058286
255	0	0.064690	0.033348	0.056624	-0.035010
256	0	0.062259	0.033314	0.030883	-0.037441
257	0	0.062182	0.033335	0.033258	-0.037518
258	0	0.060094	0.033337	0.031249	-0.039606
259	0	0.057806	0.033335	0.031047	-0.041894
260	0	0.056370	0.033331	0.031895	-0.043330
261	0	0.053949	0.033354	0.030933	-0.045751
262	0	0.077558	0.033315	0.056924	-0.022142
263	0	0.074954	0.033332	0.030728	-0.024746
264	0	0.073223	0.033328	0.031597	-0.026477
265	0	0.072695	0.033337	0.032809	-0.027005
266	0	0.071980	0.033338	0.032623	-0.027720
267	0	0.070488	0.033332	0.031840	-0.029212
268	0	0.067361	0.033332	0.030205	-0.032339
269	0	0.072713	0.033333	0.038685	-0.026987
270	0	0.071149	0.033330	0.031766	-0.028551
271	0	0.067890	0.033336	0.030077	-0.031810
272	0	0.066335	0.033337	0.031782	-0.033365
273	0	0.066410	0.033344	0.033419	-0.033290
274	0	0.066075	0.033315	0.032980	-0.033625
275	0	0.063662	0.033349	0.030936	-0.036038
276	0	0.067698	0.033316	0.037352	-0.032002
277	0	0.065770	0.033339	0.031411	-0.033930
278	0	0.064674	0.033334	0.032238	-0.035026
279	0	0.063828	0.033369	0.032523	-0.035872
280	0	0.062625	0.033291	0.032088	-0.037075
281	0	0.061002	0.033370	0.031747	-0.038698
282	0	0.059642	0.033303	0.031943	-0.040058
283	0	0.083498	0.033332	0.057188	-0.016202
284	0	0.080796	0.033346	0.030644	-0.018904
285	0	0.082089	0.033332	0.034625	-0.017611
286	0	0.080369	0.033322	0.031602	-0.019331
287	0	0.078706	0.033342	0.031679	-0.020994
288	0	0.076874	0.033331	0.031499	-0.022826
289	0	0.072340	0.033328	0.028794	-0.027360
290	0	0.096230	0.033338	0.057228	-0.003470
291	0	0.093304	0.033333	0.030407	-0.006396
292	0	0.091444	0.033324	0.031464	-0.008256
293	0	0.090058	0.033346	0.031960	-0.009642
294	0	0.088364	0.033320	0.031626	-0.011336
295	0	0.088012	0.033345	0.032993	-0.011688
296	0	0.087405	0.033328	0.032721	-0.012295
297	0	0.093592	0.033339	0.039526	-0.006108
298	0	0.093586	0.033329	0.033323	-0.006114
299	1	0.000000	0.033329	0.000000	-0.039443
300	1	0.000000	0.033336	0.000000	-0.072779
301	1	0.000000	-1453404143.646733	0.000000	1453404143.573954
