1	H	30312	30	0.068
2	P	26281	26	0.100
3	P	26794	27	0.133
4	P	18929	19	0.166
5	P	13335	14	0.199
6	P	11118	11	0.232
7	P	10114	10	0.265
8	P	10185	10	0.298
9	P	8539	9	0.331
10	P	8510	9	0.364
11	P	8425	9	0.397
12	P	8604	9	0.430
13	P	8618	9	0.463
14	P	7713	8	0.495
15	P	8615	9	0.528
16	P	7949	8	0.562
17	P	7624	8	0.594
18	P	7032	7	0.628
19	P	6853	7	0.661
20	P	7147	7	0.694
21	P	7026	7	0.727
22	P	16263	16	0.760
23	P	6768	7	0.792
24	P	7578	8	0.826
25	P	7425	8	0.860
26	P	7578	8	0.892
27	P	7418	8	0.924
28	P	7044	7	0.957
29	I	14477	15	0.990
30	P	6592	7	1.023
31	P	7217	8	1.056
32	P	7083	7	1.089
33	P	7314	8	1.124
34	P	7123	7	1.156
35	P	6833	7	1.188
36	P	8345	9	1.224
37	P	7083	7	1.255
38	P	7197	8	1.287
39	P	7153	7	1.321
40	P	7157	7	1.354
41	P	6779	7	1.386
42	P	6385	7	1.419
43	P	8227	9	1.454
44	P	7063	7	1.485
45	P	7531	8	1.519
46	P	7754	8	1.552
47	P	7303	8	1.585
48	P	7105	7	1.618
49	P	6316	7	1.650
50	P	13200	13	1.683
51	P	7283	8	1.717
52	P	7748	8	1.750
53	P	7813	8	1.783
54	P	7863	8	1.815
55	P	7365	8	1.849
56	P	6695	7	1.882
57	I	13169	13	1.915
58	P	6912	7	1.948
59	P	7657	8	1.981
60	P	7843	8	2.013
61	P	7697	8	2.047
62	P	7265	8	2.080
63	P	6575	7	2.133
64	P	8313	9	2.145
65	P	7042	7	2.179
66	P	7518	8	2.211
67	P	7592	8	2.245
68	P	7438	8	2.277
69	P	7308	8	2.311
70	P	6648	7	2.344
71	P	8518	9	2.377
72	P	6693	7	2.410
73	P	7122	7	2.443
74	P	7255	8	2.476
75	P	7245	8	2.509
76	P	7656	8	2.542
77	P	6409	7	2.575
78	P	12747	13	2.607
79	P	6944	7	2.641
80	P	7330	8	2.673
81	P	7109	7	2.706
82	P	7075	7	2.740
83	P	7158	7	2.772
84	P	6701	7	2.806
85	I	12941	13	2.839
86	P	6745	7	2.871
87	P	7211	8	2.905
88	P	7070	7	2.938
89	P	6963	7	2.971
90	P	7204	8	3.003
91	P	7220	8	3.067
92	P	8692	9	3.069
93	P	7314	8	3.102
94	P	7478	8	3.135
95	P	7227	8	3.168
96	P	6934	7	3.201
97	P	6995	7	3.235
98	P	6449	7	3.267
99	P	12183	12	3.300
100	P	6936	7	3.334
101	P	7142	7	3.367
102	P	7467	8	3.400
103	P	7834	8	3.434
104	P	7861	8	3.467
105	P	7528	8	3.500
106	P	12840	13	3.534
107	P	7145	7	3.567
108	P	7354	8	3.600
109	P	7320	8	3.634
110	P	7403	8	3.667
111	P	7486	8	3.701
112	P	7382	8	3.734
113	I	12685	13	3.767
114	P	7469	8	3.800
115	P	7655	8	3.833
116	P	7515	8	3.867
117	P	7311	8	3.900
118	P	7395	8	3.934
119	P	6997	7	3.967
120	P	8490	9	4.000
121	P	7432	8	4.034
122	P	7518	8	4.067
123	P	7259	8	4.100
124	P	7329	8	4.134
125	P	6663	7	4.167
126	P	6394	7	4.209
127	P	8809	9	4.234
128	P	7502	8	4.267
129	P	8005	8	4.300
130	P	7528	8	4.334
131	P	7332	8	4.367
132	P	6924	7	4.400
133	P	6647	7	4.434
134	P	12260	12	4.467
135	P	6682	7	4.500
136	P	13119	13	4.534
137	P	6693	7	4.567
138	P	7351	8	4.600
139	P	7601	8	4.634
140	P	7939	8	4.667
141	P	7337	8	4.701
142	P	7255	8	4.734
143	I	13304	13	4.767
144	P	7331	8	4.800
145	P	7619	8	4.834
146	P	7308	8	4.867
147	P	7632	8	4.900
148	P	7336	8	4.933
149	P	7019	7	4.967
150	P	8796	9	5.000
151	P	6843	7	5.034
152	P	6790	7	5.067
153	P	6832	7	5.100
154	P	6903	7	5.133
155	P	6934	7	5.167
156	P	6825	7	5.201
157	P	8659	9	5.234
158	P	7207	8	5.267
159	P	7738	8	5.300
160	P	7454	8	5.334
161	P	7281	8	5.367
162	P	7481	8	5.400
163	P	7280	8	5.434
164	P	12902	13	5.467
165	P	6524	7	5.500
166	P	12896	13	5.534
167	P	7049	7	5.567
168	P	7548	8	5.600
169	P	7488	8	5.634
170	P	7750	8	5.668
171	P	7699	8	5.700
172	P	7273	8	5.733
173	I	12780	13	5.767
174	P	7691	8	5.800
175	P	8053	8	5.834
176	P	7796	8	5.867
177	P	7522	8	5.901
178	P	7213	8	5.934
179	P	6654	7	5.967
180	P	8600	9	6.000
181	P	6994	7	6.034
182	P	7237	8	6.067
183	P	7350	8	6.100
184	P	7301	8	6.134
185	P	7547	8	6.167
186	P	7053	7	6.200
187	P	9044	9	6.234
188	P	7092	7	6.267
189	P	7163	7	6.301
190	P	7223	8	6.334
191	P	7215	8	6.367
192	P	7131	7	6.400
193	P	7370	8	6.434
194	P	13080	13	6.467
195	P	6785	7	6.500
196	P	13672	14	6.534
197	P	7224	8	6.534
198	P	7624	8	6.600
199	P	7728	8	6.601
200	P	7667	8	6.668
201	P	7646	8	6.668
202	P	7219	8	6.734
203	I	13042	13	6.734
204	P	7164	7	6.800
205	P	7700	8	6.800
206	P	7882	8	6.867
207	P	7595	8	6.867
208	P	7514	8	6.934
209	P	6692	7	6.934
210	P	8554	9	7.000
211	P	7047	7	7.000
212	P	7005	7	7.067
213	P	7141	7	7.067
214	P	7379	8	7.134
215	P	7223	8	7.134
216	P	6798	7	7.200
217	P	8792	9	7.201
218	P	7103	7	7.267
219	P	7675	8	7.267
220	P	7795	8	7.334
221	P	7880	8	7.334
222	P	7362	8	7.401
223	P	7162	7	7.401
224	P	13207	13	7.467
225	P	7146	7	7.467
226	P	13940	14	7.534
227	P	7731	8	7.534
228	P	8117	8	7.634
229	P	7602	8	7.634
230	P	7641	8	7.634
231	P	7573	8	7.700
232	P	7355	8	7.700
233	I	13586	14	7.767
234	P	7269	8	7.767
235	P	7335	8	7.834
236	P	7330	8	7.834
237	P	7530	8	7.900
238	P	6863	7	7.900
239	P	6619	7	7.967
240	P	8515	9	7.967
241	P	7141	7	8.033
242	P	7591	8	8.034
243	P	7298	8	8.100
244	P	7566	8	8.100
245	P	7735	8	8.167
246	P	7187	8	8.168
247	P	8753	9	8.233
248	P	7094	7	8.234
249	P	7528	8	8.300
250	P	7863	8	8.300
251	P	7973	8	8.367
252	P	7965	8	8.368
253	P	7206	8	8.434
254	P	13328	14	8.434
255	P	6762	7	8.500
256	P	13578	14	8.501
257	P	7385	8	8.567
258	P	7964	8	8.567
259	P	7491	8	8.633
260	P	7412	8	8.634
261	P	7647	8	8.700
262	P	7401	8	8.700
263	I	13641	14	8.767
264	P	7305	8	8.767
265	P	7607	8	8.833
266	P	7863	8	8.834
267	P	7823	8	8.900
268	P	7624	8	8.900
269	P	7190	8	8.967
270	P	9248	10	8.967
271	P	7626	8	9.034
272	P	7191	8	9.034
273	P	7589	8	9.100
274	P	7979	8	9.100
275	P	7943	8	9.167
276	P	7424	8	9.167
277	P	8946	9	9.234
278	P	7508	8	9.234
279	P	7735	8	9.300
280	P	7806	8	9.300
281	P	7662	8	9.367
282	P	7620	8	9.367
283	P	7640	8	9.434
284	P	13711	14	9.434
285	P	7336	8	9.501
286	P	8273	9	9.501
287	P	7552	8	9.567
288	P	7602	8	9.567
289	P	7514	8	9.634
290	P	6915	7	9.634
291	I	13733	14	9.700
292	P	7247	8	9.700
293	P	7536	8	9.767
294	P	7668	8	9.767
295	P	7570	8	9.834
296	P	7912	8	9.834
297	P	7841	8	9.900
298	P	9462	10	9.900
299	P	7985	8	9.901
300	P	7849	8	10.000
301	P	7261	8	10.000
302	P	8087	8	10.000
